20000 200 7 0.482781283736966 0 1
0.721077719702414 -0.662481608339084 1.04420493731196 -0.133783393792186 1.64426685325481 0.0393946052714526 -2.69234172177695
-3.24539053552013 -0.0244296754526952 1.5561669875908 1.8602718807323 0.954678989477454 -2.34313941681504 -2.18505710944058
-3.31179806722184 -3.24385420581309 1.79125308044677 0.570828044126031 0.794110017964872 -3.3501491672626 -2.88261863411608
-1.21023730869019 0.173187462807736 4.17678437417087 3.52727630962543 0.432136331519392 -1.3149752139926 -1.70724447936595
0.651214376694963 0.727603052092375 4.6541835618207 2.69142210774008 0.257949601879519 -3.24285430682996 -1.76396421699209
0.0081827246204737 -0.405075462743534 3.07931171062339 0.224910956837465 1.12659823282422 -0.118264220901767 -3.10192026584772
-0.999609970986295 -0.966600948113908 0.816668682035375 -0.0755425209910734 0.862108355605611 0.278857706755571 -1.36039706399455
0.870062949910876 0.923122767114825 2.74685973101317 0.444967451616911 -0.0349763272614943 -3.12951864974124 -3.48118397164326
-2.10872889232316 0.320294075064291 1.94462876225324 2.56164554160889 0.922552946615468 -0.673450885582505 -2.01035961931641
-1.46902373229618 0.820676388371633 2.953896423614 1.05260209648545 0.589186599746964 0.120368033604732 -1.35221956522131
0.06525552151892 -0.642447545214283 1.40391764478196 -1.04906188038973 1.17540286297148 -0.973570549555666 -4.11029506387878
-0.880344362571195 0.275156560357235 3.72872506158399 2.73042747003813 0.596534237773167 -0.749606100093225 -3.29706288677643
1.43572018728558 2.91725060436774 3.91549254093759 2.32980081623836 0.387089931118602 -1.89539670656655 -2.39997133466964
-1.2770354785061 1.81980939626034 2.85781218241923 0.507947785195669 0.79385504891801 -2.83972863406422 -2.97215901819391
-2.22443381843696 0.455346305050645 0.872652918367509 0.698971855859344 -0.633899424746351 0.310928039507019 -0.912431294976717
-0.142754846223822 0.151812399455004 1.82522298628922 1.45244505332393 -0.707079885946064 -1.29602594789309 -1.64614488468549
-1.74458263199862 -1.15264416540274 3.75171594826171 3.26483712541629 1.90926811707602 -2.79844598494881 -2.52188318713496
1.88850422441294 2.54293237125819 1.06449122302351 -0.415762805864223 -0.810731568507161 -1.19332793786118 -1.9402960615053
-2.36142551484544 0.856632912830614 1.4971969746866 1.63561592772546 0.713386636511371 -2.06527126341531 -1.39150269577317
-2.30693772467244 -1.20021171526111 2.18662847444936 1.64450544447265 0.892725796363127 -0.746863786639095 -1.038905144883
-3.52951379126524 -2.99938857497713 2.26605112412788 -0.700663123479981 0.908914766225954 -0.288159286484359 -3.16896805664213
-2.34578318696834 -1.23161510483662 1.69289326855935 0.16431024393236 0.674594234172623 -1.27600791443892 -2.4083272185866
0.827756500790546 3.39532247190172 1.66264991921953 1.43258649317059 0.270444609770616 -1.87425004828014 -3.32787727069117
-1.30787932937446 -2.43716689891841 0.494757095413517 1.96855899602802 1.01419429565844 0.45721539671534 -1.17319555444418
0.654768312225589 -1.13286519428172 4.27527604247989 2.29902346606626 0.537952624897701 0.184889601287927 -3.46379900057831
-1.05550072149544 -0.153581196927433 1.96285731905572 0.60057333055274 0.858780639901628 -1.04864818214174 -2.75503112688439
-0.412013836681544 -2.77832698624131 3.10412624681439 2.07164215118098 0.538492643830118 -0.821803387880576 -2.1777079337497
-0.339969398159605 1.14642516493202 0.663994342612502 0.750667069002209 0.625257726542047 -1.21760646700537 -1.6614216144882
-0.370097535208502 -1.96974484187246 1.34027839882025 0.229648706149506 -0.32496494803707 0.511523586169455 -2.53088762263833
-1.53905578454412 1.3505257262524 4.46595937265172 2.02294918937297 0.304802519805897 -2.56647958375857 -1.88784074936656
0.0853373330412362 3.03085329016607 2.28443082601245 0.333830373979157 0.575440517417893 -2.37497783864418 -4.14869384772831
-1.6895267544471 -0.560396567750493 3.45507787029892 1.98373277865989 1.71686168784555 -0.818587412954223 -1.50391447157737
-1.38234563470559 -1.37169125436528 2.52948164500923 1.84465618773332 1.26561585477241 -3.18407803151009 -2.12032207844173
0.696046758963506 -0.769905008758151 4.78295280492949 1.53572659601393 0.730019327911248 -1.21669817029231 -3.11108344473459
1.02209503841427 -0.410873286727549 3.6525212400473 3.2181029271099 -0.603975101747015 -2.08939277888587 -2.87839756640787
-3.44914867653161 -1.66024710889315 3.97373957229226 0.808276460176429 1.70581875733746 -0.290863297002489 -0.995537830677516
-0.0430929571532694 -0.0461450387400977 3.77168874432737 2.41664751558754 0.596730754500715 0.0466457856494729 -1.35193764603304
-3.75184817602488 -1.87452538681614 1.48869351601932 -0.329583989677955 0.795253100768989 -0.178553453703036 -1.42405364918057
-0.689614887884551 0.314896994286267 2.52834475479265 2.7650534940025 0.619245798092327 -0.83995046616669 -1.84415687186901
1.70032051498434 1.3062514219195 3.4367990290496 1.87415629752544 -0.0592949013667158 -1.7327825730059 -2.35042008743257
-1.06585974803559 -0.79685889851962 0.339247860813836 -1.31112172540893 1.28700149040847 -0.596922705757639 -2.71484760954353
-1.67109635914412 -1.23673609267461 1.92068206623644 0.893346977633818 1.61637987484781 -1.84429610116415 -2.8554012497586
-1.47323861366002 -1.54055750434912 2.76231367051914 1.97618452299175 0.89052547322626 -1.8151235086102 -3.26996595908748
-0.0693395199230258 -0.439890205899148 4.18149106531688 2.79497703614783 0.178229653576333 -0.856107704404276 -2.90154482012505
0.903769844817325 -0.720399649080059 3.38213352519833 2.6125083714107 0.0258392242507575 -3.99401372112056 -2.16939110528565
-1.90007425523162 -0.21718270470008 0.721504394372468 0.148468466825667 -1.54721859035416 -1.86977994341031 -2.12639151409605
-1.28680679656369 -3.90206106998387 2.66532024246763 0.238745918992796 0.0361446027333185 -2.10678984695615 -1.60811407951936
-0.454968224767683 -1.25064835595774 6.01329901025124 3.41815637785539 1.29866129582508 -2.25399575741263 -1.81999368830198
-1.80893344702386 -2.34353877596349 1.96109813805074 1.49033943366245 1.56473254776914 -0.922415804962128 -2.74450312563771
-1.58500122222482 -2.73069348992896 3.51958633568967 -0.655375956842776 0.927951318310566 -0.02937598996617 -3.50824276069288
-1.44506365790819 -0.252588579357142 -0.62339346484904 1.58977869766212 0.698760062949706 -0.475237571620991 -1.8457570279772
-0.482484292272834 -1.28331148685778 2.08093555087037 1.06887616445292 1.39437444538506 -1.10832408422894 -3.06703247341582
-1.46876537280111 -2.65069059870767 3.22256807202277 1.16117251295548 2.044262056572 -2.73988808354114 -3.31009997628894
-2.65121484367889 -0.883653339262598 5.02572817801558 4.04017649382904 0.217899127650626 -1.56437839011554 -1.31582174497872
-1.56502078026684 -1.58715865207053 2.64419506431589 2.04939615663759 1.53160815297666 -3.20718060178812 -4.06343735081901
-0.607077988816955 0.496548340137166 2.65736499979689 1.53620482990669 0.363308999274326 0.269460513196454 -2.28357258535746
-0.554953159983345 -0.926731654918885 1.53425390378499 -0.678774270814874 1.09701691189894 -1.03053926637544 -2.40677216583863
-1.62597306704167 -1.19650633645378 0.130197509802905 0.0507377979968946 2.21368696668239 -1.97570904615735 -4.10139957633466
1.97022257477619 1.92294387865142 3.1580223958933 3.21247018897646 -0.413439347275869 -0.752599303440814 -1.2590415917301
0.515160531024464 -0.910575043891506 2.71664798787681 0.0722147249790473 2.16977939570014 -1.75397593167099 -1.83915599613135
-0.697453707227762 -0.474719375886528 -0.111671670940859 1.25863786469029 0.242599495599214 -1.59992323839859 -2.80410202187774
-1.85505672008523 -0.648281926412388 2.93292193442547 1.07744089423742 0.224436586057991 -1.61640538614484 -3.28399600630762
-1.67591234769701 -0.26848988922235 2.40336948735893 1.28209309207103 0.472276557411213 -3.11400144513743 -1.36247651964854
-0.206849327270063 -1.97475120105479 0.950855348817343 -0.152318891881677 0.883204396106384 -1.24001967103502 -3.29616489118396
-1.7682821690406 -2.00781484515302 0.444236203754794 -0.23571029194216 1.01962112672899 -0.649694792889511 -1.79569066867979
-3.54697281033333 0.0498274937657346 0.00122493212016517 -1.00999527678417 1.8474253910099 -1.91180742613753 -1.87628468884329
-1.14702755808888 -1.90062133803809 3.52771839004705 2.47173653094193 0.458419877647892 -0.747008516620787 -1.45769504692538
-2.14268506538876 -1.55774764788022 3.22542361622257 0.320382132506295 2.05891505495024 -0.737004203017415 -2.15563586318381
-0.960641004465727 -2.11701632797964 4.88938079602757 3.18018819765385 -0.604958153895504 -0.830855654581221 -1.89909588660425
-2.21074471949192 -0.894038801893431 1.07315684808455 2.04280641324734 1.27991379302067 -2.34489441266421 -1.38478111249205
-2.33087530885504 -1.53665287540622 -0.881310996938185 -0.859430066035905 0.927314837685962 -0.612462712156814 -3.1543657753633
0.0196582994720294 1.85318233549218 2.02082858067289 0.0320579497552712 0.287038249821 -2.01077192062262 -4.04829277764166
-2.79944244640843 1.73669592072439 1.96261695274295 0.997143635710321 0.373659563501376 -0.658555213343218 -2.78808395570283
-0.362846685748299 1.34240033471054 0.629844750937568 0.255807276236321 1.06017108630299 -1.00593372194594 -2.79473513395078
-2.5334423629806 -1.89231566620483 2.63976834369327 0.645330164639514 -0.209135228989864 -1.43243168198466 -2.90806232412493
-2.67220475961756 -2.07110815281915 0.282271904127132 0.845458504071412 0.895173534510595 -1.8970588159214 -2.93293896652808
-0.321681019493316 -0.897850153063714 4.28080947738155 0.872118143098708 1.17106434521005 -1.02334678266472 -2.98877065278855
-0.90030630279212 -1.62671768659348 3.01768019831687 0.656965196613329 0.188548502193371 -0.949902423732891 -2.54095958005873
1.13731916633904 0.00269449673106936 3.36457914409129 2.37901529003132 -0.884175519588797 -1.59535047495856 -2.73141590820595
0.525988065381061 -0.700801828616725 5.39171968172536 0.81709316822708 0.859072821545057 -0.811036626695671 -3.86794452566914
-1.60720344433665 1.15609826669626 3.51917042004733 2.39236875866132 -0.365802420918749 -3.47900012287541 -2.43910659213568
-3.60200410581822 -1.8379408494462 1.23910286458688 0.507879137242635 0.413201368475274 -2.14099877629729 -3.56739132628416
-0.868214923566748 -1.05425729589374 2.14624205853853 1.5961574300143 0.735748099109163 -2.60873056244185 -2.22052342596613
-0.505826208091027 1.17902953229838 0.853669973134877 -1.45962586518034 1.51607450157084 -0.0889859358733355 -2.7729651584078
-0.959483932448514 -0.944674551831463 3.1220625222807 1.56746848221752 0.383310504359357 -1.49776784027272 -0.797690969095481
0.494753483128567 -0.543497440298518 3.39703881675709 1.82912322672218 0.256919493179138 -1.36859078046926 -2.1297412407086
-1.80176134172288 -1.21915418181722 -0.6764323049014 -1.33056964011811 -0.721524242827975 -1.09155512755815 -3.32012846665698
-3.32129586766019 -0.860925496021039 0.786679209080917 -0.364499538406615 0.560386532608891 -2.41917530922306 -2.51184476506934
-1.05961738221558 -2.03581737783976 4.13500731331338 2.93580275887107 0.29921667158098 -1.51213992920992 -1.6268834310632
-0.956873270620818 -0.281069328809387 1.69342576819449 0.486110392639658 1.28198253474905 -0.305404054039063 -3.11324401771668
0.721359756462753 -0.948653623986814 1.9913055002052 1.3071699185618 0.0373036199741894 -0.586211482984693 -2.15364335963743
-1.08153782594781 -0.806752874136775 1.47835937634307 0.35954438549467 -0.00875942449353684 -0.352983312532539 -2.66729649792307
-0.339619502144473 0.198326711888295 1.898652691527 1.27462507065976 0.720595537697354 -1.02642156552371 -3.29395306397755
-0.48929424398394 -1.06090124879316 0.434441579317768 0.829161644119992 -2.05871030624763 -1.26829577478711 -1.81410324905923
-1.87632795007418 -2.55350594984538 4.06968543793961 2.73565603332605 0.217453690645437 -1.72840294575362 -1.88475151362414
-1.00028101134161 -0.59814594779167 5.26650741736061 2.03145632019273 -0.0732997532089387 -1.41793726209096 -1.63318616211278
-1.25314538448636 -2.45098039882267 4.06421310177955 0.583665025135677 -1.19888006050516 -0.903833962424347 -1.63455601757347
0.628474417279226 2.51735226705082 2.19966402209297 1.75938408428294 0.0465212036234322 -1.27385085348475 -2.83805455828213
-1.67874723096284 -2.55661249696394 1.86018073547569 1.77148692752997 0.735865292177681 -0.975116344021805 -1.7589195663555
0.238420485316145 0.545318411834736 2.81834704499413 0.503508485761775 3.00172036091043 -1.02269610768346 -0.890007584265648
-1.25817020273454 -0.223316645888013 0.321587403204372 0.099373190074402 0.706614706183069 -1.42233636512898 -2.52287290639607
-1.79473851203092 -2.93794803451944 -0.951328121715501 -0.506460631539473 1.36028357453274 -0.778413887377565 -2.95151260241171
-0.525466918381237 1.90811899313429 2.84347580151743 0.154360544744423 0.448148224049844 -1.7787172153616 -2.80195206371832
-1.72931691401693 -2.33513246710347 1.71300023032648 0.30200220743023 1.03003826240145 -2.5515630419537 -2.39875062621753
0.0387039614029191 -0.593725260966314 2.41234199670241 1.36177223139396 1.60045496676534 -1.48874827334146 -2.04948053900712
-3.28051464992045 -1.60436464860889 1.447996745108 -0.770990419203649 0.872914600835289 -0.628790522170769 -1.57426042470039
0.240694211870985 0.249561674966511 2.14244478491306 1.85794125475682 0.77061333806512 -0.786122629889733 -2.18737441665857
-3.24859778207619 -0.567493455697512 -1.53181993242292 1.62076013274873 0.203107023072729 -2.05003305813349 -2.50623956133917
-1.0707741632926 0.128504838331451 1.41512124215856 2.09797728549678 -0.775118707900803 -1.16445060185327 -0.719732665220231
-1.13585677572977 -2.77654464219834 3.56818017893091 -0.0716350067879644 2.04465779173674 -1.56448528728076 -3.48517652654886
-0.655897752276372 -0.301964063632748 1.67318088445234 1.7847763901107 0.290422134942092 -1.68083037185798 -1.9826976695575
0.625316547818112 -0.622021835514132 2.9528419127154 2.39907444836767 0.158128715170477 -2.25650043223808 -0.539215574726824
-1.3466450882624 0.120918080517495 1.21937494458174 -0.56637470017377 1.74174606309567 -2.49745113116563 -2.85671752038544
-1.49036888823217 -0.284412520920533 1.72151882009815 0.656385903938265 2.16121571723831 -2.15231840120943 -3.43669183836628
-1.59875767376494 -2.24838710470275 1.5565316130975 1.18853337275678 -0.0407360339979461 -0.52132451293392 -1.32326121259453
-2.44864150627058 0.236667553287928 3.6155903684345 0.209865145226158 0.0868655979452063 -1.34341101294361 -2.56176684792867
0.412408692828534 1.93486080526974 1.53798080445822 2.27943130339268 -0.541234765539765 -0.534991058049479 -2.67010925163879
-1.42469495129076 0.521782002306125 3.76801504631683 2.25689309079344 -0.274815836115607 -1.24886856880982 -1.2731345747159
-1.23745868638684 -0.8816018453763 0.822316298211139 -0.0751466502781151 1.21035618299428 -1.21711766119994 -2.97263367105641
0.600498696960199 2.12921807308374 0.94070028845085 0.569273974018238 0.616338927159623 -1.41009793486435 -1.58639550104992
1.41579251759715 -0.454716675714788 3.87818067110473 0.614440670921732 0.424891819292235 -2.08313396851337 -2.74493918327837
-1.3273909412358 0.906695752451775 2.57029182820045 0.72377562034738 0.537038445540139 -2.19471452998821 -2.54610236387292
-1.78887781731645 1.85343005345459 3.00486589536028 1.66308557599094 0.662008527148136 -1.11891826439192 -1.28669048032726
-1.30613924422246 -1.2387085104164 -0.158864627653864 -0.434040282087031 1.38615540641124 -1.74144953546528 -2.22118047932216
2.79086359501713 1.60924038887917 4.41070717932064 1.32401919459165 -0.48988454429992 -1.9724448329295 -3.26470428571145
-0.211621416464832 1.46312214554144 1.90670767175296 0.685612588843519 0.282303374503854 -1.71760112774731 -1.93053117064831
1.51174886707307 2.32642581481873 4.00196133353332 1.2353200431283 0.827925178994884 -1.5002127675511 -2.608042307372
-0.929702366625285 -0.214944664279196 1.48613221691776 1.2337147188344 -0.257453740578779 -1.70264168163404 -3.47815947261477
-1.85891673068576 -1.13559839228858 3.90004514898006 3.1598707289118 0.976091306728202 -0.604201702790397 -0.648048343789201
-0.434336606383446 -0.262941189767403 2.32275332930057 -0.123688687466486 1.39903867672556 -0.416938849711915 -2.58801933140932
0.348364424792725 0.155971105644475 0.788396019590055 0.304982725769949 0.368224617293559 -0.741656815781803 -2.2516508582368
-0.981257671711305 -3.68388769059185 3.74527647745934 1.57785831742471 0.878449110534029 -1.81027233262363 -1.62465683831906
-2.78984235388683 -1.91304145802907 1.15275585240657 0.866568975470967 1.94102700955056 -1.81550258363749 -2.5247978578561
-1.92933294082028 -0.95680722104737 3.56693227203146 3.02846822912731 0.0461731039464109 -2.57517935416884 -1.58766763592601
-0.348712329939822 2.71353811445526 5.28993403979565 0.962211143225764 0.55369617859608 -2.46122653076095 -2.68813268543882
-0.562632093292255 -0.668590598983819 1.97184018566708 0.390463700003602 -0.145661395867862 -1.30326661166489 -1.57881033002014
-0.0710811050986121 0.474735028453775 2.19415030114335 -0.183775526301405 -0.99478155170745 -1.42085752650417 -4.85278408280441
-0.772150324030681 1.12735475661279 2.61780922226588 0.819023846308404 1.07796235598884 -0.923509443663135 -2.68570155073403
-1.43989726579907 -3.09022384929798 4.12859904451725 2.40445294120741 0.900520629871691 -1.10857375830955 -0.910307287015368
-1.37686827879316 0.384975227902344 1.68221022656831 0.360912830603855 1.81345889896285 -2.73473920584626 -1.1480483885888
-0.552503461295842 -2.49785885389978 2.06614147079844 0.780482912398483 0.214147654256468 -1.89733585490749 -2.43898637140415
-1.94328872433981 0.317550062851473 5.0288084688149 0.892492680089935 0.706565207412211 -0.602346600815852 -1.15167557499321
-2.52685525117267 -0.544498340979323 2.11007410727087 0.429448319439401 0.882152475053755 -1.22922877753702 -2.19575138845091
-0.246598743763095 0.789899301448258 4.58144870759699 2.56232201212687 -0.147707627765151 -3.36146893069021 -4.41152358125086
0.61173806344108 0.193122476517863 0.970310993001721 1.90860550349168 1.17244308481711 -2.36155063197754 -2.40150142771372
-1.61095165352828 0.276598601704016 -0.074704539812211 -0.346009913063861 -0.109354277133235 -1.11399630266081 -0.708348794936681
-0.079321700723921 -0.976027445699825 3.02332903181658 0.585215997151232 0.541741899381355 -1.02579438655525 -4.15524093003247
-1.57724098116384 -0.945256607249685 4.56364235591461 3.35468117998498 -0.294281471042335 -2.28942283291819 -1.34317037135187
-1.19021535910081 0.165287270226735 3.04246289662893 1.50115795940306 0.0434693272375169 -2.50126484863134 -3.99556768455816
-0.727533482514561 -0.213910246184533 1.76924396373453 2.23934355398302 0.928985585088106 -0.0632298078785645 -1.74732298137853
1.10736569723532 -0.801959167945175 1.06128445599009 -0.289556478192828 0.45781935093233 -2.04642140638228 -3.53128980926338
-0.0848612780883232 -1.96811095915249 2.20442029223626 0.321433087706996 2.09404950430964 -1.28465227002949 -2.91730098541728
0.252496317868379 -0.647971037519158 0.792345450907908 -0.338355118802949 -1.504041572208 -0.886975586689049 -1.50338906789538
-1.49799221484449 -1.78188214674337 3.87229500080162 0.636208701520555 1.60641259403771 -2.90036667056579 -3.03989935459088
-1.39840221570681 -0.523466537093985 1.48724410946195 0.892506356434611 0.904481238591916 -0.363422737666195 -1.90684372363585
0.0316909220995585 -3.08343952263171 4.13774009599855 2.09523334460384 0.384699805621045 -1.22951598730659 -3.02493195931338
-0.153149425649368 -1.04147610028427 3.71565149381773 2.18444473750014 0.266312048651892 -0.559534657416919 -1.91426957162558
-0.899092858913273 -0.9311247764934 3.73611965696951 0.452510628695171 -1.95780792018145 -0.0118637114673771 -2.53347991984547
-1.69726020383687 1.13124219645232 0.992610441152629 0.304323788962387 -1.35301263850472 -0.519592689639248 -1.34774689504853
-0.716639475337501 0.423951141605874 3.74402819924455 1.83259468003003 -1.37352363240944 -1.08016555588454 -2.93886137816447
-0.111864921865324 -0.364516668787542 4.63333656606607 2.3243610251775 0.350536391895949 -0.887293764765141 -3.13189760758796
-0.958329998395895 -1.45660558442724 2.81992241086683 0.561786396475362 -1.48278547366961 -3.62283268144978 -2.06494206761459
1.91778549214481 -0.453019073693573 4.07982601986343 2.18731804018147 0.068750609982152 -0.906452950215218 -2.15039378996306
-0.778200249592612 -2.15931631332402 1.53918473851736 0.506274660429619 1.8704498909101 -2.50718302633534 -2.55481908393405
-0.2081383331422 -0.416131583412986 1.8305577722056 0.275571216609411 -1.00009468210231 -0.439868698525406 -1.13798311339075
0.683236468786227 1.14006163583943 3.75263716976129 1.79717039201803 2.01828204591127 -2.28776984243188 -1.81545497305867
0.324749325779441 2.76972115365178 2.28860129223757 0.627914887885351 0.381658559780095 -0.630940540360741 -2.31000054743119
-1.28171863727823 -1.74687584029241 2.37135577824351 1.26328090817278 1.24030259234103 0.166012357349418 -4.63693504580279
-0.957712518795662 0.18518778704 2.52582589768646 0.63763424738115 0.826728563786728 -1.76066604069328 -3.80231436189639
-0.399193902234277 -2.78269049964823 2.24401935464189 -1.16878340073945 0.339171869261206 -1.58426011848188 -3.44074718296378
0.531477549431465 1.91711116205727 0.881905303861951 1.38717952790509 0.331900616544095 -1.15136990751684 -2.41273848574653
-0.310272139314576 1.14174138212688 1.35026639002933 0.200224851986605 2.2839945481353 -0.169731766020004 -2.31525308285023
1.17848007055472 1.01605914226298 0.627137288258463 1.47637324914348 1.25730902444659 -1.58637323657487 -3.35538223983669
1.28247239541423 2.41508434325034 1.54912788564968 1.74629443985546 0.766773334048748 -3.06433548365163 -2.98041919036343
-1.76408062086886 1.96424561598172 1.11604075397902 2.10078907482599 -0.144978439265998 -1.80784072719528 -2.74218802555383
-0.549433479054338 -1.06171153359812 1.88519245220658 0.804281591565034 1.84399557636718 -0.249379072721121 -2.6519257266788
-0.235692833955524 1.9333817055448 5.30022161996882 2.92482395900923 2.03486168825163 -1.66142344511535 -3.60958381930238
0.0203992496266107 -2.16427481920271 0.598884077132551 -1.1997830556314 -0.790999176137684 0.131125593063378 -1.80126245912942
-0.710653000240045 -0.214204528175989 0.051906554603404 -0.29737998386446 1.97976899240604 -2.45643934093029 -2.69850946728452
-1.33996759641275 -1.02160763235639 -0.527340462516168 -1.07903051248224 0.0819765103470746 -1.12192886667807 -1.08027157517803
1.27920709925128 0.913327534707242 3.94188723442069 1.65461320864814 0.747861483064892 -2.35262605239521 -3.77320390729523
1.1762412164687 1.35927822894447 3.53378867324166 2.92597515005093 0.70074008504812 -0.981050506559959 -0.690918734764119
-2.31106088221382 -0.849335998536291 1.11925661941574 1.03806717227841 0.56858055526406 -0.81721075649434 -1.73681453419876
-0.734619001984457 3.13143255705663 1.577250754893 0.554766209534884 1.32693643887432 -0.95808416798923 -1.75707500930257
-1.25443867195921 -1.58843794723025 1.85522105987607 0.300448519682954 0.0702802445777903 -1.69962682577797 -2.52059177909439
1.24227029934934 0.521744167051128 2.65266629415262 -0.501043087431529 1.00040599768892 -0.873079491365404 -2.56376499757325
1.16773061566138 -0.954501117975348 3.45045736849305 1.02285143718635 0.520952477566316 -1.58762653709596 -2.38007720734494
-2.15486043119381 0.129371593567856 2.69756822577956 0.383103861785816 1.14650745264183 -2.51263869187367 -3.7424661234395
-1.90012464477868 -0.492409507893742 1.9645649521584 1.26708884830076 0.480029145785604 -0.316816750161027 -1.09458309673807
1.65527528977932 0.862453091055568 1.34041241753139 -0.0717926364170554 1.47825603757797 -0.0889906867843832 -1.71356784913936
0.204511189948275 -0.787727843561914 2.51296454907384 1.17659903625111 0.890345193076441 -1.96407881890283 -2.54497285718181
-0.285121435257798 -2.62592993347138 0.839431740973906 -1.07877527967128 0.334958933175881 -1.31348488028966 -2.77809561530432
-0.816031070588342 0.640413159941205 1.59964179654601 0.619332183542636 1.69230801524289 -1.77998654544358 -3.83837713367388
0.576752833850432 -0.811885619504929 4.10908158280626 1.57121755099878 0.79960635831371 -1.67339570077955 -3.82845638654079
2.43037685173975 1.76353419800639 4.6928980072252 2.41362068513795 0.623598252523149 -0.921317167477757 -2.80167879115261
0.33042118157413 2.35097664535002 3.04326032041998 0.892733642289322 0.309419588026714 -1.42421409353507 -3.15662361679067
0.803879338752729 0.40729966036016 0.262281770437282 -0.0876058451606809 0.600219843785634 -2.2395490190177 -1.8583022068315
-0.601571334535226 -0.328483342152828 4.54145922596053 2.94289176596777 1.33745788089574 -2.32218970217197 -3.05108176946953
-0.847216398623911 -1.63009422044492 -1.01847440195585 -1.12773783830929 1.96670651293764 -1.36709537359407 -4.17165885769422
-0.371501888659754 -0.328468518946766 3.26780641484857 2.23708535295179 0.0263830403765451 -0.479514303195765 -1.50377102328258
1.75861120862816 2.33522374105644 -0.0256509679035318 0.150820550890017 0.0176496110849943 -0.257439205588762 -0.24138229788026
